{
"_speedMultipler":7.1,
"_hitTime":[3.993031, 4.428302, 4.831512, 5.042639, 5.433106, 7.257108, 8.786528, 10.616946, 11.148224, 12.191405, 12.191405, 15.442527, 15.442527, 19.186613, 19.186613, 22.885889, 22.885889, 23.327362, 23.327362, 23.756218, 23.756218, 24.185143, 24.185143, 27.826593, 28.050734, 29.874664, 33.273037, 35.263447, 36.856934, 37.253811, 37.676052, 40.588055, 41.477726, 42.124191, 44.005634, 45.932117, 47.461838, 51.128860, 51.365669, 51.589882, 51.826599, 54.783424, 54.783424, 57.816998, 58.271431, 58.687389, 58.962532, 59.877827, 61.893887, 62.111233, 65.400970, 65.612206, 68.927383, 70.495361, 70.872902, 72.453743, 74.002579, 75.967278, 77.567352, 79.372124, 81.298515, 82.866447, 84.684074, 86.514458, 88.069740, 90.072823, 91.608856, 93.503365, 95.416801, 96.978592, 98.540031, 100.556221, 100.556221, 100.556221, 100.556221, 102.591179, 104.012016, 104.133667, 105.951134, 107.711121, 111.301697, 111.531998, 111.756081, 111.960930, 112.159218, 114.827965, 116.415276, 118.373550, 121.708092, 125.471336, 129.036011, 130.687286, 132.549545, 132.549545, 132.549545, 132.549545, 133.298340, 133.298340, 133.298340, 133.298340, 136.191269, 136.799118, 139.602325, 140.319275, 143.052002, 143.916031, 146.539886, 147.928818, 148.171906, 150.066254, 151.422867, 151.621658, 153.407242, 156.210541, 156.907883, 157.323837, 158.501633, 158.942963, 160.479111, 161.970291, 164.037643, 165.567276, 167.429672, 169.304855, 170.911057, 171.288788, 172.363937, 172.575241, 173.035873, 173.516022, 173.938278, 174.367218, 177.784836, 177.784836, 177.784836, 177.784836, 177.784836, 177.784836, 181.432632, 184.927277, 186.226242, 188.402267, 190.482315, 190.898392, 191.263168, 191.679153, 196.319183, 198.904602, 203.557419, 204.907837, 205.791214, 206.418320, 207.122299, 209.355881, 209.573685, 210.002365, 210.367233, 210.622879, 210.827835, 212.773361, 212.991043, 213.503174, 213.893478, 214.149368, 214.399033, 215.256668, 215.499756, 215.685577, 215.915939, 216.159058, 216.594162, 216.818161, 219.051865, 221.151047, 221.375076, 221.791046, 223.275757, 223.275757, 223.275757, 223.275757, 226.763916, 226.763916, 226.763916, 226.763916, 230.136627, 230.136627, 230.136627, 230.136627, 233.682236, 233.682236, 233.682236, 233.682236, 237.144485, 237.144485, 237.144485, 237.144485, 237.144485, 237.144485, 240.536728, 240.536728, 240.536728, 240.536728, 240.536728, 240.536728, 241.976486, 242.162277, 242.597336, 243.064606, 243.480591, 244.197388, 244.197388, 244.197388, 244.197388, 244.197388, 244.197388, 246.219879, 246.431061, 246.757309, 247.115829, 247.326904, 247.768753, 249.470978, 250.469406, 250.763748, 251.007004, 251.365463, 252.786118, 252.933350, 253.330246, 253.758942, 254.399002, 256.581390, 258.155731, 260.120697, 260.446991, 260.837494, 261.112518, 261.330170, 261.694916, 263.480499, 264.043701, 264.543060, 264.760559, 265.170105, 267.922211, 268.171753, 268.606964, 270.936676, 271.627716, 272.312561, 273.138275, 278.462830, 279.557373, 280.8247, 280.8247],
"_column":[2, 3, 4, 2, 3, 2, 3, 2, 3, 2, 3, 2, 3, 1, 4, 2, 3, 2, 3, 2, 3, 2, 3, 3, 2, 3, 2, 3, 2, 4, 1, 4, 3, 2, 1, 2, 3, 2, 3, 2, 3, 3, 2, 4, 1, 2, 3, 3, 2, 1, 3, 4, 2, 3, 3, 1, 2, 3, 4, 1, 2, 3, 4, 1, 2, 3, 4, 3, 2, 1, 2, 1, 2, 3, 4, 3, 3, 2, 1, 4, 2, 3, 2, 3, 2, 2, 3, 5, 0, 3, 2, 3, 1, 2, 3, 4, 1, 2, 3, 4, 3, 3, 2, 2, 4, 3, 2, 1, 0, 3, 4, 5, 3, 4, 2, 1, 3, 4, 2, 1, 3, 4, 3, 2, 4, 3, 2, 1, 2, 3, 4, 3, 0, 1, 2, 3, 5, 4, 3, 2, 3, 2, 3, 2, 3, 2, 3, 2, 3, 2, 3, 2, 3, 4, 3, 2, 1, 2, 3, 4, 3, 2, 1, 2, 3, 4, 3, 2, 1, 2, 3, 4, 3, 2, 1, 2, 1, 2, 3, 4, 1, 2, 3, 4, 1, 2, 3, 4, 1, 2, 3, 4, 0, 1, 2, 3, 5, 4, 0, 1, 2, 3, 5, 4, 3, 2, 3, 2, 3, 0, 1, 2, 3, 5, 4, 3, 2, 4, 2, 3, 1, 3, 2, 4, 2, 3, 2, 3, 4, 3, 2, 3, 2, 3, 4, 2, 1, 2, 3, 3, 4, 2, 1, 2, 3, 4, 2, 3, 2, 3, 2, 3, 2, 2, 3],
"_spawnColdown":Infinity,
"isStarted":false,
"isEnded":false,
"_timer":0.0,
"_noteCount":0
}
 
